 15.73218447705999 1.219872124104338
 7.148097421620737 19.42451816528234
 7.082336439390268 18.47668730684179
 14.65685169411681 11.14821607359925
 11.11423832177378 12.42172237965529
 14.2340531023514 1.281886613012918
 10.08696545924441 19.83474718164207
 1.99017356742266 12.17601125027959
 16.24871866321288 3.422085889015184
 18.89109811496784 14.21270301987205
 2.822812980406414 11.27066280329795
 6.028337103357081 17.296085556613
 7.292643369610779 4.041289313659196
 6.930533742897754 14.43607270112046
 4.949530199656359 12.18031853076138
 17.70632947399217 3.192869017696251
 10.07676730156359 7.098607890827347
 8.703068747647917 3.805987037205837
 4.595611898504019 14.77882110921047
 6.299386030502298 6.292251806852564
 14.87281773208556 15.33524458539032
 16.56587100862424 10.44985409694864
 18.30088263699696 0.7328378714366677
 5.283990895915952 0.5626569496359721
 15.75935968863577 0.1040022985201725
 18.42864922830832 18.30337952015785
 5.675349712112908 7.216198999180271
 12.42864027597066 0.9722875128410644
 5.106264528994036 6.587946418899876
 9.593427183766307 17.60767925101564
 6.932759054528429 8.80135378208324
 5.684619476775437 16.00445933158301
 18.04098045164713 13.47847627258685
 0.3145160426330649 8.900185704949822
 19.06648958505371 0.5579430365775671
 6.668199039988779 12.03241114227238
 0.8925496577341661 12.14937331912022
 4.358787289806306 5.762806270489954
 2.824974756161783 19.91620993688985
 9.581014369796963 19.95319843307827
 6.170128832535254 9.245223490335867
 17.29554863158084 19.64779415228648
 0.263165577918115 9.386616785101541
 17.08444831333964 8.607146592058333
 0.7918179766525322 18.45883002695284
 1.870117937335392 2.093209307318554
 13.09776355954341 12.71335404462588
 1.946660449868235 7.549021036765215
 17.48536459780138 16.54776071891119
 18.85187547256038 0.9598581386935909
 3.30875664643092 10.13729459744035
 15.84375946428295 7.988915680319982
 5.741068719616883 12.24170707588735
 19.65314312916641 0.06552103285235011
 11.31987856581917 16.10774115318899
 12.7919252665279 1.753227182070288
 0.4697223773123902 3.64063420520707
 16.14856651566807 15.9745004019612
 11.22565098737181 11.13204337895125
 18.47514089369565 17.77925389437614
 11.91594379068664 0.9651101967456008
 19.93630915576566 13.28243169378754
 18.94175823409181 5.644218416777659
 3.522785265453853 17.51735609912563
 3.05123126733284 15.57205361612115
 17.69198850550831 1.983702994557573
 10.32732909068098 6.857894500726825
 14.89534216856639 6.252153085736284
 14.81333866765138 11.68969922740836
 8.446070156972153 10.6053326200964
 11.24442474443162 12.30395086102027
 9.022217390555072 6.328426770863699
 16.12271125658614 19.34666161745728
 19.46792450024003 2.556015205887157
 11.27768821346116 14.88931094253573
 10.69869737888775 18.29911630478956
 13.74516987492837 0.7366698970332517
 13.66981536940114 9.694077948430563
 6.729799371911661 19.1987931101167
 8.665325200219614 11.13008487766154
 1.28733900774561 11.5427964945428
 2.047851396312729 5.445088393277765
 9.121413938111511 16.35994888958252
 2.257393205756223 11.34816778000364
 19.82330458770645 3.663821723496171
 18.67838411836322 11.70546145254432
 2.857678764781943 2.845073599093158
 2.091522829732369 7.124530387436993
 10.60903095805685 14.59270209031969
 8.127942381819187 8.966592387374781
 16.15216430210613 13.40804484857598
 0.2642563091333114 13.69935585857255
 17.17214279101912 9.819385078646377
 5.722572973690498 13.40243459753912
 5.450086705837412 11.60463114122038
 4.436695177663244 0.1236530461081262
 3.187509940180356 14.50206628779856
 4.64479842987919 11.81398591659843
 1.100846979996094 10.25717260877263
 9.474139800259177 12.90262838822183


