0
0.4552724725427724 0.06492644860389785
 7.454698360587297 7.189249503846588
 0.05904693812516548 5.698546722667221
 8.495908503154615 19.66097662815461
 7.91867923943682 9.339631917959638
 15.2231130157057 16.903026174561
 7.17186770634561 3.287923155508433
 15.47965055355684 10.24898117216688
 15.34450621555859 4.811057195280978
 13.71024796538779 15.7834255609369
 0.5941248308938349 11.95726490095565
 19.10229304445904 12.42594414367181
 7.727919766563453 9.010378939868257
 11.61683386207156 15.87356419557643
 2.325297181028573 15.45411668001434
 19.96866834703135 14.22347721944167
 15.07055931627394 13.04062915887633
 17.59871551724751 10.30023398032546
 3.769168137700473 16.45919012050148
 5.640691182043204 4.45569513706976
 12.56983921153656 10.14027268171081
 10.40010149379237 2.642923831359835
 18.82265386176946 9.222994862172522
 12.09772242192572 14.72219920613085
 0.04258542006684607 18.17885780990535
 11.42039863992931 2.887264784251683
 3.777089922716695 2.240215814195448
 3.655241694832939 4.462850569196562
 1.853821722006398 2.20107893599811
 0.3490392442546528 10.76736977719996
 3.004611315287327 17.30836622907817
 13.97248330604616 16.45307122281028
 13.39519446178403 10.07717023705475
 14.3841730018851 13.01766797935235
 7.169500093668218 5.249946991620177
 12.36053968767823 5.265780524555089
 19.87040866595985 6.994928866753244
 19.51937766383385 13.23427635112639
 0.4766524076048548 7.940351933024759
 7.191852513684856 2.79285302815664
 1.322123017710154 17.59518690064394
 7.507275512832981 17.25060057451507
 4.690979221868127 10.9191295970297
 2.011663924852996 9.166233089698236
 12.8088240948631 7.36417337644904
 15.02124321237047 19.02582518810211
 6.396085547948097 10.55770285680765
 14.61134856709797 10.18107793869148
 18.15091389880563 15.57329446420239
 5.196161435307029 3.524017477760762
 11.35396292792012 3.816928792849136
 3.703273143828713 16.3762824047266
 11.85641030772496 15.53245873781007
 2.23902737702749 11.0973093709129
 4.594008315087184 2.978274447679073
 18.87624655656642 15.51948765516901
 13.40353451097083 12.48828917580478
 11.79009837581932 17.30934905365149
 0.0608170590470789 3.737143694209641
 16.33206430156178 15.48899838103503
 11.31619548686277 6.547567844580678
 1.515791763112147 18.4120025832919
 9.021783885983604 3.342678551781782
 14.23861664568356 14.46728072705065
 15.60403048672104 2.776894305326857
 11.19555787147721 12.11867999697176
 0.07883942995393056 9.624219804265721
 3.414662734692403 14.59497701480603
 0.3653963813546288 0.3409900412486198
 4.035339404747563 17.05939832778184
 19.42202895471398 8.180066009875976
 11.10374370200068 15.71239773275155
 8.21536606197186 14.61147201810502
 8.509068842288759 17.19597269225911
 7.209415287673187 15.11037464672745
 18.80738608582359 3.869713816296811
 2.361668999407132 3.683375939252128
 18.36381737277291 10.01852333100189
 6.326339143480527 2.414278855971615
 15.56663598037401 7.717561555586708
 6.862736396466112 14.17911718954499
 11.33215227114088 4.849980968655746
 19.99881227137493 10.08093010927756
 18.84287266185443 7.422190921404136
 11.49073466610476 6.753191829613342
 3.912858400032127 8.628098855631794
 2.720132270703376 11.77782882657882
 2.714391637152493 2.265059810359614
 10.36755943145257 9.361772724631178
 12.31503510966708 8.506139596658212
 19.45841652262692 1.815554507456823
 11.84976774129714 12.73147655662665
 6.326306290026763 5.106235242340981
 18.25172002710752 0.8300127280561473
 17.35752335103389 19.73993182047415
 18.51735710985764 3.262243460390316
 13.23281215897536 17.88676798426801
 11.52357302664578 11.17164812994418
 6.702110383143195 19.55350003362068
 3.740133741572617 18.55849246544104
 1.505968258516362 0.7650730884165799
 1.70411053201546 8.205088683354173
 15.39273331753439 2.100392900453184
 19.35538396346505 12.70351241539499
 5.461206012660754 18.10768906066846
 18.16551299801396 6.499119787413573
 6.305939748098194 3.84837500022324
 2.332853864803766 17.35926349685731
 18.06045266951075 17.22052683824369
 19.41125629930316 16.97792498514765
 19.82801822820579 7.187734933581792
 2.622793143201255 9.403331051680784
 8.579111231600567 12.27121267869014
 5.11041749323509 4.964552194511015
 9.805070652640048 3.413865934241097
 3.408391160029996 14.67034107690151
 13.9425891923286 4.903978961239029
 4.611633784897541 3.883057546935035
 0.6859239429795148 2.880032094607762
 10.98640499600558 3.79727535860661
 10.59541515193147 13.91338769923114
 11.75913137317002 0.8736546464226689
 12.38983892970811 6.720035430277408
 5.83374466131238 0.7061115866708776
 15.58442838984989 16.43884564612139
 14.33726656594373 12.6138984318648
 8.942724957139724 12.76407993660737
 12.98512760003776 15.49862419851447
 11.61764963353203 6.375226433335325
 13.12606817366293 13.87196622354724
 6.639365555327593 16.27027897872101
 11.83102972442927 12.15798938761379
 15.94023345010283 17.25368960939909
 15.285724372603 18.3208837854551
 7.716993239011009 7.854804782968849
 10.58670733823956 19.24938508525529
 7.630212040205856 18.86756235220302
 0.273669827433721 19.13712957815959
 15.92890009855513 17.12885285325656
 2.655673146131909 15.71126768754696
 8.882434049368751 5.32247503524098
 2.52971412916701 2.938769723237348
 7.812919958837218 9.430240271844655
 19.39505216753093 15.4416011509511
 17.2139852858595 15.3535380423853
 3.682699687165555 17.19024616426913
 5.854970439418245 16.17125333539373
 17.41878305064198 19.30603751845634
 16.48898977922875 17.11733189017768
 15.01058029754893 13.60581180786302
 4.907359976597526 9.649648787856643
 10.19937209037179 12.60315119601596
 11.76551281567133 10.78164456650286
 6.558807477252037 2.606429356719856
 16.03648507672751 12.76251737605909
 12.92374418110159 15.35563305769758
 11.7884041683461 7.385824368753232
 7.036141706522669 1.399328790332493
 0.5060285448745647 10.13082737627976
 9.05408835200957 8.078386926311259
 10.87303119828136 7.084232883102589
 6.575281235095082 0.4055035269150995
 9.905846524782225 3.961680362161971
 3.6938352347163 13.69870239585257
 13.24109596253631 0.4296983252488049
 2.449113037492855 0.9609689566233413
 1.012174135953511 16.99364998722827
 16.18399666842192 14.27547091204622
 9.21856190558144 8.170996511765992
 8.330743176699837 11.02619334888307
 3.876553128856278 10.85478034249927
 15.88252825398331 12.5030870345097
 19.54707366122774 3.277613622319512
 6.609177191095931 11.7401424062671
 19.14143009305597 18.93501748182421
 6.211853627659546 16.97618204646491
 19.87749284643638 8.908543951793325
 15.96761873718626 4.050663834102618
 11.36886592815566 19.39093847674663
 3.908890761679466 1.839630359389218
 10.22713186600192 4.854819845625934
 14.38862399598919 8.654352257289112
 3.727367725030129 0.5446634111999469
 9.382795958386007 10.20455002364247
 3.930060164894508 13.71250614308231
 14.97002791773616 2.612771770195988
 15.33743789083425 11.14722105697626
 8.057482919012225 16.54874942912823
 18.37704818072848 1.892297454719632
 10.06850664338342 15.58098817195539
 18.20084961938094 8.749095985978123
 17.44402445638659 13.19956930348213
 4.934530677302612 12.41604006386165
 3.303253373908311 9.325977842572946
 13.56450911976395 17.38548620634467
 1.150813470864799 17.68932235759699
 4.502351801539825 12.53464682637415
 5.859095559698631 13.91595808637997
 3.586254442401985 5.708382579809958
 5.436789438035668 8.588508330761956


