0
18.44916933651478 16.38089603407606
 19.78654116757876 1.706061242162414
 6.529739469999546 11.43456064828175
 5.934574231884437 9.711342697190648
 15.2280415255052 4.250955561788255
 10.32013308872244 2.926722404231713
 2.495147500764619 8.79191102458187
 15.58420836997041 15.06459299304465
 13.10647456939353 14.53967028607602
 16.74375664880651 0.5437342324429171
 0.1490296361134766 11.48114262405936
 1.884326311129637 12.06128815536758
 12.44223867642397 1.717052190607088
 0.251222253754769 0.9855779822606845
 4.921854766123292 13.59439045857201
 0.9536481141004081 0.4393796478945431
 5.972106733568649 15.08437348226
 9.548979735505892 1.395163685363382
 3.095974043308195 4.635803208668371
 12.49271908382409 5.382353705606006
 9.767025426506734 10.70417782457397
 17.0816075464375 18.13248082920496
 3.117182048282773 13.21581103132482
 12.75650171244626 17.59773534378369
 7.054996990603012 0.8623636556796797
 10.76540545921267 16.30887511189293
 18.96209631188306 12.84531893220872
 4.048767644154351 10.38256244920248
 2.464128822289656 9.094348265543422
 4.650345947455298 12.73055849429851
 13.19682262050134 4.033272664181641
 6.278210554098359 18.58551221690063
 6.076287595995212 14.41456243007259
 6.614099446918495 9.881529170061228
 1.345479429648596 8.637111938025035
 6.323020625781607 9.497619099368848
 16.45666640882311 4.926947889834733
 8.288692051818806 1.658420688992615
 1.325119604401165 4.626253758315749
 5.098155712064813 7.016536626990048
 14.11614713069321 13.47838489674171
 1.624701183229967 11.84166063838822
 1.020296802690242 4.678151880078071
 3.066793869211813 0.8754737008356659
 9.578112455767409 6.686793162236478
 0.5267598771142721 2.420927023611968
 17.16540532382083 12.2160589495365
 5.783816426569225 2.802048620818661
 13.46270410967427 19.36307422432095
 3.483376930361647 18.95801958961374
 8.465006226100614 18.02187853078817
 4.483626675914264 17.25307950010912
 18.24664597273212 9.954257448158797
 5.202207685202044 11.27788869503737
 9.886960478845953 0.3479623935076734
 8.908670225692955 2.80593606368842
 3.32296080572143 3.236253379320194
 6.760299466770329 6.016360900444525
 0.903409685106392 17.70390001266642
 7.876553733571877 1.106307288505447
 1.683504590848524 10.6928333371783
 3.230133923451389 3.892643759496192
 0.6314083253074929 12.00746763764143
 12.66157312973114 12.44731356973845
 10.29385244309049 9.994100633628197
 10.504642043493 2.910678860161061
 10.82731378169066 9.253620721295526
 15.83114232177709 11.09334560961252
 11.43690752312951 2.577190205914755
 9.537136060979574 10.46747217507799
 17.45656467776676 13.51956080445565
 19.30759533504481 19.16883153764706
 6.316178067874144 14.24931452366874
 19.90621890276897 5.508522962717034
 19.37637261488387 18.71149936973026
 1.560990667447487 1.206127141652738
 16.88487341108873 16.11588626813857
 8.578256050357997 7.481334300285996
 8.901523641912602 1.599796753898267
 18.267422342056 13.10033745822757
 14.2997678471539 6.86178289244635
 9.636060936490727 14.92141618831702
 8.182696420063193 5.340308480948143
 12.11283252829453 19.10018418510654
 2.226586175454809 11.90195668943732
 4.915898665546074 19.18073570154512
 12.04139066188371 13.17743607763144
 5.509804847017255 13.16318821417809
 10.64763759785278 7.476770403493434
 2.734666993282832 15.16813546572895
 14.64966023090409 9.624391874686406
 10.41125550603923 14.99754343564944
 6.468516448585185 2.420914423993604
 8.299409833814645 2.437047383063594
 13.21557524496819 15.01474339330474
 18.1800961770042 4.115329496245201
 3.114827241653119 4.519910829429926
 19.15872644922498 16.60682091076706
 18.17910075886031 6.612535754362484
 15.80203640171454 7.708406344507174
 17.79184225444197 8.472930606942008
 13.97292867377237 16.17313218342722
 1.848644284573276 7.77356946623608
 11.06509866528926 19.11312939756483
 1.16518615410912 4.719554189112941
 5.59225004964211 0.5985993349040117
 12.08693902315336 15.11245834134228
 7.765136182895952 13.77783635258114
 5.816460295448355 6.940047872228275
 12.58337313859037 5.243038190207096
 17.25937174262418 15.26950408335143
 17.91966376482895 5.405887051250554
 1.380896351125836 16.95191695460899
 0.7817635717651048 1.732248470067968
 4.651557445511597 11.73962004640181
 13.72049659238045 6.984898087217316
 12.22136274997584 1.700590887699821
 1.717681329532438 17.80972226311422
 12.9298844421128 4.189189934134546
 4.286075139048285 3.492476963261107
 14.68269147497566 9.74013370593878
 18.123384097537 10.65216066147945
 19.97514782004844 3.109838348821211
 8.625839688193858 8.85701830565376
 11.69600192806421 11.79109757728323
 4.354835326996328 0.1349892475217183
 7.917524970738764 8.821030976886318
 3.210485385942249 5.833526177511542
 14.85252320586502 11.23293882124917
 15.0436162712187 3.936457206829754
 15.53128799379449 15.00695785734146
 18.6585598154614 8.584959602227682
 8.93070654795997 7.497929583253552
 6.064925448025135 11.04555529327474
 14.14786143334991 0.3303201606593373
 16.7539472596755 3.039171074810366
 6.6536312172743 18.23793142473976
 0.2525047246776122 9.962461232437375
 16.4479948122642 7.54783958490595
 17.99753601125019 2.308629400442575
 7.627992908950444 2.746524706673724
 12.2649509060863 7.850954934377249
 9.232738212997511 7.133290377078204
 12.63686784302354 4.207343379099454
 17.00394948360519 15.09325368696119
 2.911397483597625 12.20259189386509
 16.88135140729536 8.672951146885525
 12.11704492823177 1.939031837201218
 17.0146561176612 15.98891121069191
 4.673055506857057 15.59500781490886
 19.7242572229088 19.5629463257032
 10.87906648324324 15.75115481070223
 18.79714820148766 10.85459855523742
 10.29883755000336 9.281513326037684
 17.59429982718083 0.3560504787227301
 19.34291874050467 0.937214082302392
 4.110849062555969 9.757494592690568
 2.402013557745667 9.452173095970842
 14.99399937653281 5.909467605709456
 18.55087519579192 9.574872786939904
 6.262317765469151 15.31330043052724
 0.3473291077111882 10.03296157926942
 14.47873904840072 11.44806337009669
 19.20331987354558 3.843809244321904
 0.2387227701167403 7.754469781720609
 4.819058144862493 11.67610470303461
 0.7572950117924657 3.366014854442088
 8.067097205699596 17.35385132862013
 2.331341466575957 10.93291370285232
 16.56256528536801 3.156253179551692
 17.40399571075947 19.93063823092815
 11.79220968816669 5.347645022500441
 3.435279712897063 17.28204698429116
 16.57949528549496 1.606320208205368
 18.04690457741419 19.39634999981214
 0.5172814149603808 7.390979628859199
 11.7673366011943 17.30963961029462
 7.312589581150003 14.67111116847896
 14.1530004597412 10.90802905687203
 13.10657781270854 2.966600014313618
 16.20445163386247 2.497539385558106
 17.4241473787684 12.01119561024887
 19.69950107767081 4.807683809528816
 1.184757208497283 2.665778758469287
 6.464168054425713 9.681098449372922
 4.309285719520602 12.81239853309371
 0.6594947980295882 19.64732418514152
 0.2757573772068609 17.40730389992113
 14.52158128308579 3.858756947405962
 10.92152364880645 8.029953410857791
 14.55763861169238 16.3649786020043
 1.668437836206332 0.3462417514186065
 5.969551312426661 6.046883744906547
 18.53177352902189 6.332881272844527
 16.21776376652749 3.027533773715701
 16.18362112486958 4.122825645760374
 15.18647317578047 14.51148707510189
 0.7458469153651368 13.19652262660633
 18.67622063739121 3.970843764599795
 10.08731247935477 9.749816041754174
 18.19211795932756 6.609597709050189
 15.73076649739808 7.695139816476203
 13.09253169538348 17.25749356519218
 16.54686860184643 19.87510219010345
 14.07561227798834 6.313182187215988
 16.30638995617138 8.948145704818156
 7.930201716887283 13.63789174968438
 12.42114031184407 9.034139967795063
 3.402122197661254 8.151561829800949
 17.16127573738275 18.20997095039773
 12.3416514761594 10.47848261238981
 19.4372861332156 6.213476761647633
 10.97569819538378 10.63075069044036
 11.97536489796208 15.46425908941545
 16.3114755776628 7.170964013009803
 17.0703501018786 15.51499312390832
 9.862670775857117 1.105200732888923
 5.128124179609403 2.957867754317359
 17.12826533390333 11.81297415380788
 8.421162731785554 12.89523982540624
 13.19129413641662 5.73625476674518
 0.3446675783783935 1.067421969507017
 11.66423261217254 9.442412959717302
 18.38200507220854 13.58223340207345
 19.28875944607831 4.810815901144646
 13.96348212856599 9.12729626496224
 4.126454649728649 10.51811880357871
 16.81818683287609 5.206279378277693
 3.522586933803908 3.34166979884229
 12.50128328544755 3.376515735754491
 18.47505445593887 6.995926289479185
 7.398694874943409 2.39740420512106
 3.409298667990729 12.83895474371076
 9.220996419295886 10.79171592788244
 10.65979262411748 0.6221730421367808
 17.64666998016722 18.56820148711295
 18.02457319821441 2.782749413401632
 7.820595799275537 19.08205887225422
 15.47858494502203 11.98536692665733
 0.5328761403121782 16.551479046482
 0.1455232477592103 5.297185208302354
 16.32801438868848 5.787100438490188
 17.89432530158713 3.719311572795561
 19.82254272760326 16.24346542119672
 9.97960491521191 14.2464483179315
 18.05760386178799 8.228927438540014
 19.18366766107221 10.31128501870169
 15.4617277328116 2.483581167389076
 12.67986522541683 10.5736696099224
 4.156881829819864 3.435851970331766
 6.709344076712688 6.075738302007837
 6.143986702459451 14.00037547525462
 8.329012216742473 18.62236443705507
 19.71237151407591 0.4386143361409731
 3.474225888799135 5.116895694709656
 7.429175542151612 5.309663193445503
 5.114498184287205 9.420623448178407
 12.5423588516139 0.3267068014828154
 14.63497406631053 2.274167868716151
 13.18053803663193 1.74849311804275
 5.264172209515015 1.268280985706066
 7.340801552422266 5.102820493318386
 3.979378832424266 19.26414410102964
 18.04074202279046 13.61168636029772
 14.66999221611195 0.7866450581492321
 0.7103429908403878 5.237969457660973
 4.063108017393099 11.71886246727795
 18.96557035421828 3.297032608631859
 0.7104915000415488 19.34748703311459
 13.33903372668566 17.70118530902538
 17.09948837289065 5.514836522632004
 19.14636355974799 6.834261845316693
 2.587369583501405 2.484480042545233
 5.904631298715325 0.88063153516842
 14.62591215332377 12.72262270375677
 0.2756301093319178 19.07847205694693
 19.68288594962453 19.16889573402294
 4.017122840370094 4.547687357843434
 7.990766417746432 2.96991984435604
 15.23642686024266 4.606675510061841
 4.82668904716148 18.25646343563079
 15.03384669966044 19.60160123480155
 1.548682366629973 16.60392975550382
 18.16066996761981 5.986022069049183
 13.62323538349505 16.47249093714106
 14.68661505831655 12.13511596426327
 2.467833653600749 7.693591761184387
 5.925205401753129 6.949604409127882
 3.144473751903333 18.37924785468594
 13.22476750094355 2.49963817229954
 18.67803863181479 15.03036653408508
 18.72896647016297 0.3582025199447445
 17.81927442413069 13.92859066756332
 18.04319203494204 12.46731902485047
 8.099719877166331 12.89861385782826
 14.50958777354406 18.79873883091215
 2.395785205577644 0.2921383541110698
 5.335022006700144 2.587795881031082
 5.938956798784064 1.125776407946658
 5.51531980739277 11.63206480178869


