 11.15689627567754 7.145804314228105
 4.0280840661582 15.85618028598496
 6.675671246067657 4.804983661922818
 5.588932251869635 8.774852043697827
 19.61618428813876 16.2945846992785
 4.513258374684389 13.88670793498651
 19.78978079825609 18.11027087516659
 13.22181002713942 17.36219843173022
 6.161715319106355 8.293656565034986
 10.23724440253729 14.50705868872338
 19.34628049370673 14.91864681947392
 3.166519859686373 17.43829023896799
 6.177999012435746 17.55235324361748
 6.065552012050998 4.7157589603444
 4.397978370605683 17.64986493788732
 15.12368299614419 7.130230837693289
 19.70865778630465 15.88957267168989
 10.69241524171487 16.38914864008231
 0.3903903857550359 6.072253114718352
 5.781115097726116 10.86295741195779
 13.58309542868361 14.61266665027743
 3.920778162100688 10.45819983016798
 9.181437715766785 14.4413313699805
 11.46689522271312 4.218712511138726
 13.36337269406442 6.971259158230731
 10.64303087925422 18.24299792353422
 7.591254953206069 3.680000971156828
 6.925018750309629 12.72975447340335
 6.145113401332262 2.489576857571763
 1.238863359576266 8.275301356003984
 12.68483783930286 15.03558827021932
 13.37357229156928 0.941054170192229
 6.019494442955934 7.179807236049439
 10.88534586423268 12.51823929950208
 8.955226892243234 4.586941871238749
 6.626141543641348 15.70042951924614
 16.20809686149679 5.01753837184792
 0.5371915916868462 16.41833908952541
 0.9333564586533258 13.11580158606249
 18.12472806613359 4.32820291118929
 1.078418301716216 6.112020096502447
 7.933845858021452 3.3470636487613
 9.964936086803448 7.384690501767056
 15.45142734978574 6.353184588741571
 4.283632864559902 8.370126903646035
 8.806825705067862 13.27598037863627
 10.43460453019973 10.84298414765436
 0.5518150902243066 14.02276927245143
 4.115080128423379 19.71539663909531
 4.068943860732025 2.791759159138119
 10.39193399415039 14.83207029022681
 8.490217269070714 15.28906923028591
 1.232835377346163 13.64768433876387
 10.69206103316374 19.58012601324165
 19.78692727910558 8.240678713774251
 7.869482799956052 19.3849250566268
 18.06471041363744 3.067448105903764
 12.49316108151771 16.16173893112073
 12.94193613041031 14.57752888068701
 1.157286003363366 10.35928074386968
 1.175604616240319 4.592554023365275
 8.190180354371716 15.12248552998208
 12.7915527241038 16.00957804457284
 14.64853563690921 10.72870424859145
 6.671192234581737 8.207020314750253
 11.51525926007093 19.57190483919436
 14.41659187037821 12.01748542662584
 7.625875336388433 6.9179450703848
 1.42848670782202 0.04020200145111374
 4.108470722216725 4.806802122068427
 8.906528403150858 7.679802099867486
 19.47411401507351 11.21339719980607
 7.547383444818129 12.9689143032331
 3.945542902678486 6.440839647244498
 9.7509028727714 13.72410641142436
 8.568388837480649 1.060796971287806
 16.41373777777284 17.40904495440486
 10.8947633773294 14.15175804499365
 2.775641168436845 8.703877762854241
 3.487830516057136 7.379225986243826
 11.54589633400663 17.0609138100805
 0.6174416571831207 9.396742806092455
 15.79448348376966 9.554563628282729
 5.839104461999022 7.745094007876409
 0.9736648765582521 14.16764669079368
 0.110051872656872 17.83156599730782
 17.73714178346671 17.00516945774781
 15.89612793858316 2.634819160381664
 11.85995873147865 14.55703921517433
 3.127243883491096 10.97161340520652
 17.73239546861686 14.66202352099041
 5.524030753925929 18.55604347378932
 15.81269195249664 8.255173417770919
 13.7634001151788 17.42690201657757
 10.42672377023544 10.60968062354888
 4.227331664717059 4.719451579486012
 18.67824011045316 9.922616852302781
 13.54899560879105 19.17429815420775
 16.67596726017802 7.888170983357626
 8.920014125171948 3.070465781074788
 10.54350433558522 18.958871661189
 0.1825027442627656 10.84456214160197
 15.38381123798261 10.63281012308065
 4.938609602416363 17.00994733774645
 6.803296467768601 18.60218515034478
 18.36747835502528 19.12129244273861
 19.82774281879765 13.94855484681714
 19.01518414903876 10.10704345727254
 9.97412925369839 1.289452763236104
 1.135357197814056 14.11490330745353
 18.80207948378034 1.522850411640718
 6.143801656883404 14.11719826065332
 2.168731755076117 16.1240717059417
 7.818699436142333 17.60273959773514
 13.26974997243989 3.449745335273487
 10.87749182291407 2.985435112291589
 3.245384054500483 13.92680989933269
 3.413106165639173 17.88717118482819
 6.949993789685652 4.320860831671815
 1.451572441721686 8.653771745866964
 10.47403613112332 15.96369117437635
 0.5175811221346991 5.723364294622705
 5.520125108897473 18.41815060649443
 17.67327491048168 9.298824874549528
 9.667083082923224 9.41862353270731
 13.13444062929957 16.90826064371906
 17.30549997525292 12.98007327512753
 2.94543502896588 4.103892894324751
 12.02707343626236 18.92331116777131
 8.945970973902096 11.34014447065013
 5.485459137029923 12.53751587115625
 2.218731724506094 3.09784385114165
 7.693597610220277 4.276547406028578
 12.87289631891161 4.015929776109243
 0.5439473506282742 18.96163667047166
 14.8422374340051 3.696099784540042
 16.22297463071108 14.09321447104484
 8.640044127536378 4.620285113383057
 8.818354265129939 8.016775139919748
 7.758814781078675 9.499740995965013
 3.919317910290196 7.821074365868598
 12.65951952618399 11.71801293823372
 13.86003988397878 2.416443795270616
 12.01532459111624 18.18651266009095
 3.845077310165358 17.25549783599693
 6.800566150952466 5.695786999052249
 9.32766687866464 1.440523434800466
 12.49852480972778 18.52057602774393
 16.43402263080294 19.9892554526889
 2.44862045922977 15.44945736650605
 10.97698288225009 8.16470416327298
 0.2519748259347763 1.984954097780277
 5.121547019258163 5.068297959535749
 8.080056815549201 0.9567029733891994
 0.5400411178041074 8.095868143561409
 8.10790049990932 6.62993021003342
 13.37350084442212 8.512953229785442
 9.88366715009975 15.81869215805932
 1.731417743811291 17.82791561157521
 3.434467346710615 17.36605896261806
 10.73773362959472 11.06043807283516
 18.60995184839723 17.25873520421149
 16.82597601408995 15.58381329968539
 10.56931979836979 16.26669278293832
 9.19924914122946 4.623425102116228
 11.9483280569015 15.3393187258364
 19.31977287800319 19.99426318661305
 15.58648972374534 6.815658408172137
 13.74557878884323 10.37270141738273
 16.32691325532653 3.324590499606782
 3.442041561851999 7.178583196273286
 19.64017628966496 19.39213350109648
 12.25624912010165 7.808641325719906
 7.90669496529005 10.81152039505515
 15.66931788972809 6.899607705903103
 12.94392160511979 14.36101739222581
 7.180121584161624 2.701612353471218
 2.61942729751846 3.875315000032185
 17.75657630568731 2.323131497694269
 14.92651828506397 15.97914672569242
 19.74511940808424 7.290937963977005
 19.2102365778433 4.581368444456491
 5.200264761226871 5.496431216450345
 13.98498103291444 14.73577600804325
 9.9931288309623 9.504733026821441
 17.73676480496546 15.05682948626517
 14.74474517073056 4.854667993269564
 4.777810053752503 19.15212553497818
 19.98724276347937 13.5602352160816
 16.44926242219351 4.284271457382264
 4.456185243040887 11.79479776348543
 7.735968355673465 6.953949076855542
 18.15755639647971 19.93310672284126
 14.73861706573173 17.63001138748182
 18.08888517104283 11.30377689999456
 16.62615003961798 3.583444168396944
 15.25412885640487 7.141425400921576
 13.75398599796418 17.21660498893193
 1.144039088679177 0.2254586860182926
 0.3523189834641669 11.0197199553294
 0.5853921697286677 7.04282006797511
 1.833224170411814 13.58517499214431
 13.73404620113489 10.37060277220858
 12.22546023675401 3.004354247916306
 17.17293371701036 19.15631216450804
 8.858824362510274 5.633886442927411
 5.789939587503724 3.452241293368527
 9.688854131021257 7.728738444613735
 16.99776648480512 18.82600952648333
 4.065215463085447 19.4692261601472
 2.159439037938119 3.650081907109054
 6.837707368435217 1.319164907869029
 16.7599265361062 4.00224981881932
 15.03125120355543 8.044921173715473
 19.91601949920485 1.126776930107448
 0.6200368825763456 4.001006235438313
 14.7937771873627 0.1712116705238151
 1.587122731151152 1.957148308347994
 5.811954851668953 12.19444205865824
 13.26098203804742 13.16852690314652
 8.422104399612371 11.93096015264477
 3.350091412908168 4.435363395680017
 18.06421433417805 8.321203498813569
 9.685706352683102 16.47862483949273
 8.186450389250975 2.913133451419586
 19.98018590834803 14.28001328906689
 2.457752641955931 11.43950184084736
 7.208824921757927 16.70445749579139
 16.63965980204483 0.08727142822446332
 13.88119214549063 1.679911580684884
 9.665736112898101 0.4824480273467122
 2.620695684140672 15.07780900803822
 17.5211501507363 8.991577670918131
 8.378703941787164 19.505342115184
 14.91821596195766 19.18743402389859
 15.19617732351573 11.79255819779952
 18.36563978368097 14.82416061405748
 3.612070308021823 15.46734055418437
 13.53573170106306 14.12561904056794
 15.67773614995264 12.18994910155765
 7.784287631922258 16.56624806986086
 17.57725998646792 9.550393507894567
 2.648084704166237 1.276384163857503
 17.62885073799452 1.329455666771159
 18.31277571120808 18.66426805331706
 15.5720231292198 10.32998788243707
 3.123685942679172 17.78984074325212
 16.68396419809026 19.63745193061002
 15.70228626454147 5.833545274163764
 2.648104236212782 9.884225711637439
 15.43717272077098 10.87347293551823
 0.09749709203708079 14.19146308969201
 13.12268213991022 19.93302971590357
 8.70784370824418 2.431718666673214
 16.61100964016175 11.72987855589835
 17.77192527166237 5.815713628895764
 4.629529365524018 1.708079454880832
 6.678122049728942 18.92619645624145
 18.94230404828482 17.02384387928837
 2.925246493751391 2.534752877263417
 16.48678428934146 8.193709246616251
 18.60665544727026 4.162506538792607
 18.80781874182653 15.84105512633391
 4.671144819658259 8.155686501532273
 17.87844216191011 2.831269980775212
 5.090555552734682 8.35323961804627
 7.090806573728846 14.73429109064372
 18.94300714564486 3.157721617833072
 18.09101674890595 0.9773088329407096
 13.43486744582754 8.891949421413702
 5.944469017276094 16.09540794104591
 2.11775585006431 3.172511363108127
 12.95973135743814 13.29602202654759
 6.348816770183258 9.954811126556352
 16.33048560344475 4.470222802405178
 6.30489393321121 12.12443441695468
 19.01370408668764 2.210215554900118
 15.20201183796187 9.324701514588035
 17.85607700887829 0.01110242689589791
 6.304582747191673 14.42571622938502
 18.59966570124885 5.527186800162988
 4.081810869045523 9.331166068267954
 7.735175341633495 0.454166482553787
 10.77228525847622 19.18435148156725
 17.0836449903548 18.76890195314169
 9.092592741880472 14.33203279467657
 16.68504966676016 10.71047939397767
 3.87627580045777 16.09735569729064
 16.14511551210235 3.014973591784339
 9.520929958213557 3.784061407826042
 5.291728943454833 9.980609711104005
 8.755229668353069 7.565741968537604
 19.21747247076346 18.62009987130676
 19.01862949800164 15.05586321504863
 13.18203438634274 13.91097696291096
 3.153939919314993 16.61806617665219
 5.875589714199539 3.947766024740233
 17.18240079325987 4.632416289720348
 4.040553021702053 19.38109134658531
 17.18490355060066 3.089305578812907
 14.93302473372367 9.582872641175177
 13.10795770262488 14.26816905335349
 11.58306389353656 5.724634260906564
 11.03827759063142 9.783677109485373
 0.3712734358502576 5.711536760228068
 16.4267696435797 2.034556776889759
 17.05756718828068 7.381601280122986
 11.71926330113592 7.012862000419839
 3.544039982581774 15.0958790299818
 6.844679042077862 8.011913523261343
 11.5880664868702 2.550676381915743
 9.087977537834002 5.327390455744902
 18.04298338073621 5.924841597572209
 8.406274183803909 5.777831453203976
 15.51680287094024 3.944119171672199
 13.13934045751111 5.305553702138194
 8.902803683237581 0.1902287476235607
 3.254498885496785 19.73634613650395
 0.04566198897477092 18.47263515742684
 6.912487247989588 10.65965303565847
 5.831425590139015 19.47607758058626
 7.466212511674129 16.82065131124524
 13.42947433732295 8.998086719299645
 3.172801826900126 1.822612741243504
 13.82798222914524 18.50154788698511
 10.54456822342679 15.74416326951059
 19.23104727060507 13.04561070602802
 2.338200154105875 14.06582325635761
 10.15321582232018 10.65218804810562
 4.766541478824325 11.68783257516196
 16.1856482091422 15.20119699014589
 4.902458883471938 13.05449055131538
 1.378119100495322 16.85721662176076
 11.67695530278426 4.931870300178912
 10.26899922474014 14.88740106210681
 1.665997705418259 8.483950248820314
 6.49281403261098 19.54190739472802
 10.29675329992908 15.71280275615888
 7.028734100874278 3.14700749148416
 8.244818454931815 14.56826948696899
 16.83961249180128 0.5221571387094679
 7.84439129363946 9.542411535025726
 13.21710210194217 13.12133265159959
 12.78527755211876 4.32089586898286
 9.194001313663398 17.45245550366245
 9.834144161607815 16.94012287020541
 6.081741454396784 16.38938595669658
 0.9549496821078094 2.236603907815643
 12.42371829923223 0.01218907185745666
 19.37919478418438 18.3888725375548
 9.158400071804296 18.41100465560474
 9.043392932748274 10.37980248211078
 10.69126727925257 12.78469263718997
 10.51742268058343 13.43570714241783
 17.3752491798902 12.54893809888476
 11.26411167173639 10.15974161938763
 3.950902848455079 5.104642932796336
 18.44881759948548 1.925216614745816
 11.19389717363672 3.254736866240568
 5.636417513427751 2.740015399225332
 1.953970510601904 13.96422123793992
 18.91777563795637 7.738026956615584
 7.127760270737694 18.99826066265419
 19.85648843296195 4.975478799011169
 5.46537342777432 14.43239333289349
 0.01231926643745584 13.56394396631938
 14.70360787740417 12.87547697903028
 19.36656801375179 19.05399125768324
 7.493531206025609 0.1712783714462494
 14.78083846969031 2.235597235072232
 3.857302219994202 14.66043742222322
 2.460652613309576 5.451408465572857
 11.05733396571159 3.634361640275624
 0.1328219455301558 15.16494301299891
 19.37294576553427 3.791259512383665
 6.632497029571139 6.181547110173121
 13.45398940796651 10.88073362128749
 14.48279337531006 11.05469300454904
 17.14521335135483 4.336151578584714
 5.097029067735365 17.3992755932002
 14.06673056600983 15.56210939073863
 10.13382243439462 19.0865358947323
 12.83225968947145 4.033580484208658
 13.05854273442157 15.25819165730088
 3.293245944272348 12.47267647639837
 10.19931108222413 9.863888677758224
 8.421223627584389 17.87915428025516
 15.55202405541284 19.33200746184426
 12.8180598013102 10.03767968970186
 1.817887558389891 8.31632279911441
 13.53015194061929 8.139152877852569
 12.25099519831534 6.506386708516806
 19.95305903097148 1.766767949782325
 12.97573836486319 11.45722176691243
 19.76682059511179 2.457092753989803
 7.657666952022804 19.49061248380462
 5.653428161572446 1.621547636413131
 0.6849247751048546 8.941273487190452
 7.825231682367168 14.66224951112511
 7.137287410090488 17.81230853278395


