 18.35711484773165 18.02259965759799
 6.746577137826596 0.948016526053149
 4.79076584126349 0.1740172728411702
 1.822061592443676 14.58690630119336
 17.43458703099891 0.9367065636885772
 17.71602887734919 18.98756977429447
 2.009586574777074 7.562659312770342
 2.336606161539493 0.6060880944982237
 10.94608769654407 11.38158078474538
 11.98001422683394 17.23246996644568
 10.54519234782862 14.7892217414799
 16.42455323167719 13.98429536535133
 9.550244185509763 6.799662786712774
 8.690223552694382 2.420393672205591
 1.216543253396437 9.235844951111442
 9.148119617817246 7.510725930233511
 12.67580183819002 1.593164359041653
 15.6776524535417 13.45777020713006
 1.481835856951127 10.65152899375102
 8.650303033128155 9.230029136104521
 17.33084401084244 9.214882004125156
 15.21163715676009 14.0344807011974
 19.33601912437162 12.57057604337794
 16.30462839935192 12.57945376590436
 10.28119428600635 2.489450515653156
 13.08497929972783 14.78032070295883
 5.734368795390269 9.00114493186525
 8.463138402949498 2.078882335875326
 3.358376331233356 11.34922163750081
 17.65736191005162 11.6269488081524
 7.370480200370126 19.31709692851439
 10.37854521068161 2.872448499779504
 12.95220075962069 2.873558285026022
 6.41285259067459 5.928036922356062
 8.297608790164787 1.543181622621284
 0.4881760133023492 18.31633934027889
 14.94328298240364 13.6125237052338
 5.084972512008253 8.346478255305342
 1.366882457279833 6.284093771644238
 15.85507730873842 9.423835723383853
 1.229239675491059 14.3758379291565
 15.13524946212084 14.29755992078729
 17.42960247289926 5.590513787439701
 1.20567804165529 15.87807520667655
 9.808357528780164 2.654448436062785
 8.936442674932664 3.796511174674905
 18.27234062140012 5.218414233197496
 6.917302866538041 8.297814726368909
 6.642695273607612 17.1260291912341
 19.9840173609064 4.903557501569021
 15.41081896232589 14.40539242319184
 8.316160692986983 12.50383603310281
 9.541924950519432 2.330698889164927
 2.494844614287465 4.588887203160229
 15.38780850807868 0.200370185714581
 12.50828803101876 14.98676752097615
 17.71577427055004 18.51905526337318
 5.006953793068801 4.264344326181285
 2.275723994245996 3.526315780871742
 3.81335748455157 6.087553667982907
 17.61676879493571 13.11314144198391
 3.029569235442358 13.0593725202231
 19.02496584177332 7.508872323623938
 10.87670577480605 4.604094089148129
 3.002166601220107 6.902758965715966
 14.81899292509302 13.34645501979066
 17.50108398847308 7.003452741990573
 12.29322137448661 18.26810167454994
 16.41630708677258 17.15452529597097
 19.02575408071441 14.44129169186807
 11.29760837444442 19.60021019429623
 19.5526411862471 12.55980243719817
 9.683265828221069 13.73600494320992
 11.96143123867605 17.66010244035426
 3.779343029936694 19.91667418645278
 18.89056259177339 10.15808491910794
 14.98193980615521 6.634456664812757
 16.07142636209566 19.52535997152454
 3.035048214578767 14.96308897371964
 6.949307079380071 0.7302159076484203
 5.079559249801066 13.64221404030981
 4.557724449166257 11.09412122230479
 9.932930346224181 6.322111824786409
 3.585446698373284 6.812611705161605
 1.239727691969871 15.46480665120809
 9.570582530539676 9.181908822735847
 14.12220726298748 15.41271173829756
 18.44467675614513 12.6599814546645
 8.010481983773838 9.328834086803008
 16.13560213435698 5.833252254268234
 12.84443560866356 3.419926058896453
 3.468910140189386 6.288819211459286
 0.8388279819428788 11.24722556865436
 16.69767052436051 15.25711786001599
 11.31328315897312 6.864254881933983
 19.67012806498996 16.38595648346376
 12.97999391841169 10.73952873896659
 8.209822781826851 16.73208678213259
 10.23707920217987 13.58492280803906
 18.31956125454393 8.256898140704031
 1.513854670241686 0.03139169016790211
 11.85876438846389 17.08538759833816
 14.74977706375447 16.03019902143365
 2.206213347232496 8.874476716795352
 4.194366431390049 3.582409627519657
 16.75241042280647 5.673363356722577
 16.32857055742015 11.24389007222333
 2.503603816278916 9.156985229158378
 0.3054169464244381 7.067853639129273
 12.02803040887052 5.747338262682854
 11.92727345115917 2.068059884072485
 16.69359520685 10.39322053672839
 2.121106070334514 18.36367262492071
 19.34130195887044 16.0639612854604
 15.60036013519976 10.84342321423776
 9.313037453039607 6.748297133224307
 1.573481685919659 5.060107217986202
 8.653960898812032 13.92925805392445
 6.665533877238935 11.26350803806897
 6.477645750893229 18.53851636134169
 6.875674263552797 16.50934660688207
 6.375335848707268 4.438816267386133
 17.64346484877889 11.41268729654456
 18.55695364574408 2.782638532072185
 7.557087076148764 19.25017973882807
 1.680897437376333 6.131483950168931
 0.4031995614854065 3.667237514926428
 8.778930876680592 7.626146283235085
 11.15352084807961 10.56200900728042
 2.106161438985864 7.136443128992679
 6.308854789943453 11.47926855508993
 9.157107828372494 18.02231687709781
 9.978638657182609 19.22858147548309
 19.54858557999143 9.015260227265294
 5.056948853370392 12.90705218272237
 1.871097375268579 11.93251759540396
 14.56998132330167 5.528256558119345
 19.61026481258506 8.66396097878569
 9.088104484863614 7.46969139878937
 8.561842036848143 18.95743067388177
 7.774881402910991 3.734163386376185
 2.781803836777502 17.91643708582176
 15.05269084504535 16.66015106496489
 11.00348855486777 10.90401838420926
 17.61715090484943 4.930233268789777
 4.493473559749583 1.789899486395491
 13.70494418689615 2.043388220973662
 11.36209256910254 19.34555291329088
 1.157763901570779 5.284633447330104
 8.291455641855709 15.61156151716174
 17.00160995767561 4.52481126121585
 11.91524534517681 17.23348156524593
 16.78252483054569 4.776047714642569
 12.37960514402451 13.59499511838052
 12.29650828639301 8.35680236661047
 8.003285431427608 11.41095954532898
 13.36542561646254 6.811398918183506
 11.51940939981446 19.24005037711018
 10.00315799689701 16.18532736178656
 8.014501023137345 11.48580349871694
 1.135280639806796 11.49664511570893
 3.206192232005799 10.80778324853576
 17.77815747116678 16.65269373180316
 4.728211538523647 9.607027312330224
 4.102849937764793 10.4920485004151
 11.41345388811084 18.04267088675099
 8.203375260747205 14.78989844661123
 3.630923395641251 16.23486795089356
 5.266816235952515 9.591193724113428
 13.67431638854252 19.99975690051975
 1.223541380503169 11.66812114793764
 8.599494094393608 9.98784806279072
 9.613105062579994 5.957736138207604
 7.109419653492878 17.58660468232804
 19.95351777039093 19.46887631773143
 3.426940761748893 16.41381731040569
 4.401280704738827 17.44538986726648
 1.283896411026003 9.661526281447669
 12.22151866475201 6.341112020914582
 17.78429240209199 17.69762407591521
 17.00465293604096 3.414847766991303
 18.22054500079773 1.169501945693828
 12.90076651116035 15.91869486848357
 3.75550484068088 11.71214149870426
 3.381897741027045 14.65040426365735
 12.8229232846477 3.713559430527385
 11.85916414344924 12.72797587439523
 7.301357484136259 15.55240780284183
 17.46798778837112 14.1901365510915
 6.079620721613273 15.12953309435991
 2.366855461120613 16.73767715379368
 5.741827246155497 7.141748073900161
 12.46521526406793 12.87315550492453
 6.796276293793876 2.92097015716751
 16.87813634421858 3.956301881725292
 4.557877567744232 9.229949100999347
 9.746470622980286 4.425861139997584
 16.1655606042888 0.3514460925822624
 13.71896237643385 18.77404564157273
 4.948283559914536 19.24435626933649
 7.899046792296351 14.49960982800176
 19.97946691489318 0.4149369805616496
 10.12936494292967 7.637392733539415
 11.80445602279045 10.59522615330531
 10.89249966415483 17.5564178587402
 17.13900505663561 9.273047752237032
 3.139485997325485 17.69364184712973
 12.2345157061317 0.09839350725370766
 8.901270544566085 13.84525557472799
 4.061980309036598 11.48509884600845
 12.26626726862827 17.71845064401781
 18.44870802009812 8.42309371741243
 0.1515001172238004 10.0156060189271
 19.12667871275939 5.621924123804228
 14.12672657852216 10.75654957193606
 3.242097147187319 14.62517909420238
 3.439970104328719 16.88203984442282
 18.94142975778995 1.32718855972615
 0.2551643948508762 8.631315372720392
 16.17470358902391 14.7295949760125
 2.064207900178455 16.28009287924686
 5.627969521025062 1.09944646685932
 12.93389208500605 10.15965789609631
 14.52661861345485 4.767445010933419
 10.77467242304762 16.43224323946847
 0.8741389706952938 17.17192099185824
 8.089241909769511 1.575706391026196
 16.72160608424079 3.414935493454126
 7.554962802533741 8.539413196809139
 11.43015863849525 13.40022172723314
 17.32252088863081 16.44224772829673
 3.032834041468476 11.17177903139477
 1.996614259305657 15.42357843098062
 17.93261746595345 6.505516381157933
 8.11911862818376 8.374698660602123
 12.83017973400846 13.96527111524998
 15.93408520073392 9.903339902787614
 17.51536580828132 1.087914197375069
 13.58294164215355 9.965860615988827
 10.50764938280679 4.327582320083621
 16.95366006790371 19.3509750178925
 0.2698387358820007 10.49737522792569
 9.440352978036591 5.131015496720427
 12.76039078938985 2.457936860861295
 0.1792859236668596 13.68289136446764
 15.79640596542016 10.39953688073783
 19.01213709496963 2.387291244657633
 8.674178004891166 19.62637399981074
 6.506629762266224 0.885465591675779
 0.3361313261076679 3.717537519806084
 12.61208783106992 8.741004412116686
 1.719131485337372 14.52071533696483
 4.762512136991487 8.18056018530784
 13.77056784571073 5.262236773013425
 7.603921231940257 4.388991159355612
 2.696210316902271 0.7244156265083377
 1.390296758569024 5.818988910030133
 5.030986127214859 17.96147103625403
 9.25752501668938 12.8051332352442
 11.21548693091776 5.214299379711686
 19.72604735194891 0.6331681526812636
 19.43125594912143 16.75428584973384
 15.21775824994901 1.630802879881937
 16.73036865808461 11.58080052254972
 6.586123151254818 14.71902082027178
 18.11180172441009 12.62762958456817
 14.61264365483455 0.3992059543014324
 0.2574167847117668 6.330152394223459
 9.611432895039284 2.92665986716547
 17.66351844354589 3.042733894529338
 7.876068918833349 4.499575664308112
 1.329231603239306 5.240600306354789
 1.785212167831692 13.20010198979987
 0.9288040637674575 14.2915292121912
 1.67476635033252 13.26080930362284
 10.84503027577819 9.441929454748596
 9.447609938666014 17.0825466298208
 18.21394352616243 13.82622607809584
 10.88267586610518 8.730600976979956
 17.90154003332685 3.874225117088969
 3.031581205954418 14.63837668533751
 0.3732414463301579 15.70448007346588
 9.000630127880585 1.658162703470828
 19.64518550348968 12.20831133142763
 7.280031902422325 3.670632019963342
 17.64562814203013 17.75596283631194
 13.50709277743956 3.241012618346449
 3.623969529599552 13.21232772986153
 14.81542122179377 19.27819219886679
 11.30372807347072 18.1605793133438
 15.73303836500929 11.95233007866095
 9.105711737580002 11.14967740970266
 13.23351772197036 0.9116768092009861
 4.318354548754085 17.87005643389733
 10.54958855767346 8.012990133850472
 8.670375572524602 3.112497971674836
 10.95130388959931 16.72895301553838
 13.28989355790019 17.27442481727784
 3.519616892407721 18.1136040696829
 7.548829763781785 6.4131227438387
 13.51212065760006 18.35696357949581
 17.64079531158765 9.060771429124669
 2.26641094545705 18.31182749688576
 5.457630711960562 19.15499323421389
 17.93615167245325 11.09046516107832
 0.1009168350269061 3.221505531592198
 2.951897654213501 5.105623380651291
 14.54403395581972 7.948407390807667
 15.83203404042247 9.209373883764426
 17.22759475395568 13.56116543772601
 4.150152838349298 11.87069385257868
 16.10732379106796 15.47784305087069
 9.376896375245078 10.07898505003793
 19.50929066646655 14.69466311331773
 19.03067635611798 8.259944182960222
 5.015412810955212 15.59792947233176
 2.051760471008516 17.42639609197146
 16.39217467817301 16.24099901196075
 15.87435729576707 1.349014219480907
 7.880147442064095 12.29545371814457
 16.65552689984672 14.96995980366784
 12.4532475755427 8.328177670948461
 2.498399936041217 5.67910012914374
 6.800990525937935 7.053152198791802
 18.10523139062652 3.769195698754312
 12.35737903208954 2.80161522638163
 7.017247233801572 18.967045240483
 9.536187947860675 2.440781063055394
 12.66079127589365 14.75293733847405
 18.24740738869706 9.577228859008077
 0.5350962869253704 8.964381246800562
 14.74043311766509 4.147563715567682
 11.15932338986379 18.21383011256023
 11.30595761369105 15.90101564638277
 19.28396602916206 15.74058798877951
 12.63535629202645 9.822884061916401
 13.06908132220085 4.078205633356712
 7.218851865973544 15.98029969486527
 15.8699950313068 4.197697622733098
 3.311212762856734 1.640688800145414
 0.04045368722581744 2.491083648893851
 9.460767886413189 5.329926752347297
 15.09490118979541 13.89654858181379
 12.37632885715508 4.802660027116691
 16.88942707984502 7.530636418636249
 16.47113518061753 11.96433393543288
 11.14588165014008 7.056999144245873
 4.542020096228462 14.34450403807798
 7.28143521650909 11.91160870990604
 14.13812616858557 5.866560666568113
 6.652194029708137 5.950911639192583
 19.09516212643001 19.83669944564951
 19.46881953944666 1.563912068902958
 10.02451186591333 17.23554753819305
 9.88582197841597 11.88470386280985
 1.220463444427834 1.211500372982205
 10.06624070295138 16.27774822507023
 5.044160556904486 10.03486444845834
 4.463022188001019 4.876889678929274
 16.58688291390699 6.508021324687397
 11.9511934898101 8.693770748863859
 18.66034545907761 12.18695958206131
 1.433286415292648 19.68343376358069
 11.77759307730637 6.03264072422652
 3.947272952259103 8.124485736330533
 17.41558769612232 14.9054750912675
 15.53503555036755 4.86451882059994
 8.797631493437271 9.282322924563282
 6.871403864442546 3.682494546040763
 3.297606928239874 11.75006064784472
 7.233604089532085 2.937274879903474
 15.39927061226199 6.799781855754921
 18.07904413968582 7.629222041322482
 2.714758640383709 17.94004394391624
 15.89887119781952 3.864649049371075
 1.981493136241102 2.080632007254869
 9.809233843750635 14.57648512363142
 7.922148591856134 15.8473204041235
 11.74508310129526 0.9417419744925657
 15.25351518854501 7.129447127024849
 4.945249931259003 18.99060187328493
 9.86674988388242 11.47320457285774
 16.86759418517394 1.732849845309844
 9.473613409365369 6.095757709461513
 8.027188043728561 1.520058489676036
 3.608127828947786 14.22492884076915
 13.49761946852093 7.099318769772341
 5.988017356039489 1.528035821609007
 2.332172905174824 19.61029875561138
 14.32685097553314 9.973180804333659
 13.61390335211442 2.795939438415661
 7.673333169181099 17.12178457103775
 11.43041612672858 5.84827977232545
 11.64655883817403 17.14584903316251
 2.578408779929785 2.110346257654801
 0.7166607553446256 10.11509150693341
 17.61900278207755 1.821130022882965
 17.03817353199921 7.948399542315522
 3.083615705937849 6.407329492436441
 15.73762738023175 19.38265225389537
 15.1640488197312 5.817463684418246
 14.93894436590057 12.63766358980198
 17.89438392679382 18.65813331951883
 19.76192479065719 13.36813048372168
 10.82665436608045 4.158064486987466
 0.06066386760335973 19.87539460030196
 3.762725458673825 17.94909978731477
 6.773940993022959 5.530474697659265
 2.289909029186344 6.295905852239297
 7.605553981073848 2.437156190332589
 10.54405131658542 11.04784282729908
 18.51730096981085 16.38746299686212
 13.40322301591003 3.054298648684131
 2.230495131045028 16.08933205843659
 4.699562656690292 7.300244278156928
 7.391395442667758 8.164495072840648
 10.45402156021483 10.58500506618446
 15.87486421204197 12.56622260479093
 7.208986004550341 5.520488618731608
 0.3378444979201243 8.315953145306018
 7.073878364651739 6.542807228036568
 18.20479636674661 12.47077275711689
 18.13900340483487 16.61813015481454
 6.407383284449596 6.497513177777318
 4.196387860247625 8.060324183470435
 1.321278427671676 5.5987105392042
 13.92102455845851 9.806120790176077
 16.79798219231745 8.755542531943746
 0.9966723526749641 16.54479103006871
 18.7268372523385 0.06401950902194731
 17.54787951657708 3.958357922313987
 5.252934380022717 9.746697302045778
 8.148663173923106 14.6901913662141
 7.609043652934501 19.09219304641881
 12.05924165208037 12.31325226305192
 9.298508120257921 2.304181178510732
 13.61931714235163 1.314589774006031
 14.15132644681115 1.344174830377102
 15.89253828004345 5.224747013588798
 17.58457478726271 1.036990257473614
 8.002026994410258 4.11972072383448
 11.99864251027416 18.59681466219415
 19.36077056842907 6.194094185986275
 8.003928194271332 1.95963492301724
 2.807174094004385 5.604171973695339
 16.66084563850859 7.666149692423617
 3.84532942943835 0.7859972821189229
 13.32344088916248 18.37304828899675
 11.94831086520265 16.07085410981807
 14.22508923073245 3.18155065564962
 4.571946350483746 11.07042231320889
 13.44978165791373 3.580911960240881
 4.828718493566591 0.1293951244928291
 4.755082512508956 10.19931983579415
 17.86563399216692 9.376550398286746
 11.38779630329613 4.098743409012106
 14.55495753957383 0.7819290536842014
 2.124952180713674 8.550100639916931
 1.161980049621537 6.649383069646969
 14.89782838436288 5.958599289423784
 0.2276009878971017 9.151534951874149
 1.183437169703943 19.32769244497817
 5.301576132922166 8.352839725945541
 10.71505095030267 5.833040016527803
 14.34220129880176 7.401246147832689
 7.159810040021811 6.158001288779848
 12.45790609570058 2.039758268560517
 5.723130829672916 12.50711027091075
 15.42606319729104 15.72355990058512
 14.94598664509262 3.737463105075051
 6.840074815952689 3.429178349693824
 15.01890164233609 11.43538688280272
 6.723070170631059 18.80061458143991
 2.552050023726845 4.375548975236442
 18.12060965506747 0.6945284993022458
 19.51936779641858 8.399109397393893
 16.53123365707807 14.66593295928786
 15.26701392621452 14.95790310956364
 1.478094596134972 4.824015769031088
 2.322549939834185 17.39903604030382
 14.32689193106603 5.292492299518651
 6.359378822765248 6.819916557149565
 12.97406365119155 10.75655556645015
 5.126803840948321 12.53127812458876
 2.651795645333844 12.30945801215336
 15.14499981737489 9.052734563222485
 4.969574311503794 19.75873403181779
 2.79750663953739 8.418517827301613
 8.286911890434913 6.98578807354613
 11.57238252927114 10.58462751562344
 5.821822878383086 2.418308038772546
 6.697776806574512 10.39668341254475
 17.24541732289237 19.96354186563608
 6.646960811815762 9.476198767870448
 13.96659208585754 3.456333847250267
 11.52270396039259 13.04739933237977
 0.2604137367663659 16.4570360910766
 18.61804357750635 3.859774649308015
 14.88203140843759 16.05596113585052
 12.66996602699719 5.029005707918085


