200 5.2655616 2.4857404 0
200 10.848878 10.108268 0
200 3.8078434 30.9653 0
200 6.3139086 38.71155 0
200 6.4891877 35.302338 0
200 8.461533 45.584587 0
200 5.6202383 46.200623 0
200 3.1180258 65.63677 0
200 5.7950907 83.056946 0
200 12.821888 74.05281 0
200 4.3400846 95.893684 0
200 19.087034 13.872997 0
200 19.093906 44.895103 0
200 15.662992 51.46516 0
200 13.36165 39.028572 0
200 17.409292 70.31126 0
200 13.993743 26.932367 0
200 24.12881 57.859825 0
200 19.518318 60.01578 0
200 28.290848 57.433807 0
200 33.112865 65.82145 0
200 29.232574 48.452965 0
200 29.624386 1.42899 0
200 39.609455 0.7120363 0
200 39.520496 3.4677105 0
200 34.411156 9.030996 0
200 32.68453 12.884209 0
200 28.56756 21.253927 0
200 31.336905 22.778027 0
200 34.752903 20.001236 0
200 29.615545 35.014446 0
200 33.54369 66.390816 0
200 35.36838 73.0402 0
200 29.202597 79.46756 0
200 31.103601 86.32796 0
200 44.529957 94.065285 0
200 40.506775 30.615038 0
200 42.35218 63.37334 0
200 40.78453 55.090897 0
200 41.568058 55.352383 0
200 51.36948 30.23414 0
200 49.47746 20.908161 0
200 51.14719 22.487453 0
200 42.282043 47.70123 0
200 42.11227 52.166878 0
200 46.88068 73.01182 0
200 50.79435 7.6327457 0
200 52.24781 6.8449435 0
200 53.25766 17.794031 0
200 47.03198 14.617047 0
200 49.626102 74.14875 0
200 59.11318 64.03121 0
200 57.063442 83.7405 0
200 56.41077 47.727425 0
200 63.135784 49.893505 0
200 56.002975 57.974487 0
200 56.669285 57.283245 0
200 62.762646 42.90961 0
200 53.805576 92.15248 0
200 65.09375 3.288544 0
200 67.876205 1.3222531 0
200 60.938477 9.568554 0
200 63.003075 11.906457 0
200 62.690018 10.883607 0
200 73.28165 17.29684 0
200 67.557686 14.428802 0
200 62.268715 21.816193 0
200 72.909 44.69436 0
200 67.44606 54.073334 0
200 74.30185 93.81955 0
200 79.05189 96.31969 0
200 79.42608 17.785582 0
200 74.08634 13.773937 0
200 74.05412 20.138323 0
200 78.19821 38.81751 0
200 66.91259 65.78495 0
200 68.398 60.866776 0
200 79.279205 72.44447 0
200 78.49286 67.239006 0
200 68.08406 67.08153 0
200 84.29357 19.536356 0
200 79.17353 29.451372 0
200 82.60031 61.886284 0
200 80.10433 62.326363 0
200 85.39908 66.64294 0
200 73.92633 82.056076 0
200 75.36638 80.04945 0
200 73.535255 92.19658 0
200 87.563065 18.416426 0
200 92.86818 11.373036 0
200 86.678024 67.19944 0
100 96.24504 2.9580717 0
100 93.95565 0.8358342 0
100 95.263535 3.008494 0
100 94.17976 4.625005 0
200 95.098526 68.271355 0
200 97.333046 60.882954 0
200 96.014206 63.450203 0
200 89.880615 86.18854 0
200 97.83727 82.48624 0
